subject_id	cv_index
3	2
9	2
21	1
68	3
105	2
106	1
117	1
145	3
156	1
171	2
191	3
201	3
211	2
214	3
245	3
249	2
250	2
252	3
275	1
281	2
323	1
339	2
344	3
368	1
405	2
406	3
433	2
439	2
457	2
468	1
507	2
538	3
546	1
551	2
565	1
634	2
653	1
670	2
682	1
689	2
710	1
719	1
726	3
740	3
743	2
750	2
751	3
754	3
770	2
773	1
781	2
798	3
805	1
806	1
820	2
827	2
843	1
849	3
897	1
899	1
906	3
921	3
930	3
975	2
978	2
984	3
985	1
998	1
1006	2
1037	3
1038	1
1049	3
1050	3
1053	3
1079	1
1092	2
1098	1
1104	3
1141	1
1184	3
1193	2
1206	1
1227	2
1228	1
1241	2
1266	2
1276	1
1299	2
1305	1
1320	1
1326	3
1337	1
1377	3
1390	3
1430	3
1453	2
1493	3
1537	2
1621	2
1652	1
1660	2
1676	1
1704	3
1714	1
1771	1
1790	2
1799	3
1832	2
1833	3
1847	3
1893	3
1978	2
1995	3
2014	3
2015	3
2018	3
2074	1
2098	2
2167	1
2177	3
2178	1
2180	1
2187	3
2195	2
2223	3
2224	2
2228	3
2245	3
2268	1
2272	1
2280	1
2291	2
2322	1
2332	1
2364	3
2386	1
2401	1
2415	2
2423	1
2428	1
2478	1
2498	3
2511	2
2538	1
2539	1
2586	2
2587	3
2592	2
2600	3
2603	3
2625	1
2628	2
2636	2
2644	1
2690	2
2691	2
2694	3
2700	1
2702	2
2775	2
2777	2
2793	3
2827	2
2872	1
2925	3
2981	2
2990	1
3002	1
3019	3
3052	1
3122	3
3132	1
3139	1
3156	3
3179	3
3205	2
3220	3
3236	1
3261	1
3287	1
3310	2
3356	3
3362	2
3369	2
3386	3
3392	1
3397	3
3437	1
3564	3
3588	2
3600	2
3616	2
3683	1
3684	1
3694	1
3695	3
3716	3
3722	1
3748	1
3790	3
3798	2
3804	2
3826	1
3847	2
3848	3
3852	2
3860	2
3866	2
3867	1
3876	2
3879	3
3888	3
3895	3
3896	3
3903	3
3932	1
3935	2
3941	2
4006	2
4022	2
4032	3
4041	3
4058	2
4063	1
4082	1
4090	1
4100	2
4133	2
4140	3
4166	2
4180	2
4187	1
4230	2
4252	1
4260	2
4294	2
4324	3
4329	2
4331	1
4334	3
4348	2
4394	2
4395	1
4424	2
4449	2
4453	3
4461	3
4495	2
4587	2
4603	2
4653	2
4655	3
4664	2
4668	1
4671	3
4679	2
4743	1
4748	2
4754	1
4787	2
4795	1
4875	1
4877	2
4904	1
4914	3
4923	2
4925	3
4927	1
4948	3
4949	1
4978	1
5027	2
5049	1
5070	3
5072	2
5083	1
5090	1
5193	3
5197	3
5244	3
5251	3
5264	2
5289	1
5312	2
5313	3
5327	3
5360	3
5367	3
5369	1
5370	2
5373	1
5400	1
5430	2
5478	3
5491	1
5495	3
5496	3
5504	2
5573	2
5593	2
5609	1
5676	2
5701	3
5710	2
5729	1
5752	2
5772	1
5775	3
5818	1
5886	1
5910	2
5937	3
5948	3
5955	3
5995	3
6005	2
6012	1
6016	2
6017	1
6024	3
6032	3
6038	2
6042	1
6049	1
6082	1
6090	1
6107	2
6112	1
6116	1
6128	3
6186	2
6187	3
6191	3
6214	3
6299	1
6359	2
6382	3
6383	3
6414	3
6429	2
6432	2
6464	2
6468	1
6471	3
6480	1
6516	3
6525	3
6533	1
6539	1
6553	1
6567	2
6605	2
6613	2
6636	3
6637	3
6667	3
6685	3
6696	1
6710	2
6718	2
6739	1
6787	2
6794	1
6802	2
6829	3
6874	1
6878	1
6910	2
6917	3
6922	2
6973	1
6988	3
6996	1
7050	3
7062	3
7110	3
7125	3
7159	2
7160	3
7181	1
7185	1
7225	1
7260	3
7262	1
7271	3
7272	2
7277	1
7304	1
7316	3
7354	3
7355	3
7358	3
7363	3
7375	2
7381	3
7391	2
7401	1
7402	1
7415	3
7427	3
7481	2
7492	3
7538	1
7539	2
7605	1
7614	1
7629	3
7636	2
7637	3
7641	1
7659	1
7676	2
7696	1
7728	1
7782	3
7803	3
7866	2
7874	3
8013	3
8014	2
8018	1
8036	3
8066	2
8070	3
8081	1
8084	3
8145	2
8152	1
8188	2
8199	2
8231	1
8281	1
8337	3
8339	1
8422	2
8440	2
8444	3
8463	2
8489	1
8519	1
8541	3
8548	3
8566	2
8661	2
8668	3
8685	3
8692	3
8695	3
8709	1
8714	1
8721	3
8734	2
8769	2
8770	2
8789	1
8790	1
8791	3
8815	1
8840	3
8841	2
8896	1
8920	1
8942	2
8968	3
8974	3
9013	3
9021	2
9054	3
9091	2
9128	1
9132	3
9152	3
9158	1
9233	3
9248	3
9259	2
9272	2
9302	1
9304	1
9331	1
9377	1
9416	1
9426	2
9440	3
9444	1
9465	3
9473	2
9482	2
9503	1
9536	1
9537	2
9552	1
9567	2
9778	3
9790	3
9795	3
9798	2
9822	1
9826	1
9827	2
9828	2
9900	1
9905	1
9929	2
9965	2
9967	3
9970	3
9976	3
9981	1
10032	1
10038	3
10045	2
10049	3
10059	1
10061	2
10076	2
10094	2
10111	2
10119	3
10138	3
10160	3
10186	1
10187	2
10199	2
10207	1
10237	2
10246	2
10248	1
10274	1
10277	3
10278	2
10299	1
10301	1
10326	1
10360	1
10366	1
10377	2
10380	1
10414	1
10431	3
10444	3
10446	1
10464	1
10496	3
10498	1
10510	3
10511	3
10525	2
10563	2
10569	2
10594	1
10606	3
10629	3
10650	2
10677	1
10679	3
10731	3
10742	2
10763	1
10799	2
10809	1
10811	1
10855	3
10906	2
10967	2
10972	3
10973	1
10979	1
10987	2
10999	3
11026	1
11063	3
11065	2
11080	1
11096	2
11099	1
11108	3
11109	2
11147	1
11155	1
11162	3
11167	2
11175	3
11186	2
11194	2
11204	1
11228	2
11262	3
11273	2
11280	1
11320	1
11336	3
11341	1
11343	1
11355	2
11378	2
11425	3
11467	1
11479	2
11506	1
11523	1
11544	1
11554	1
11559	3
11577	1
11583	3
11587	3
11633	3
11634	1
11658	1
11684	1
11686	2
11722	1
11764	1
11782	1
11796	2
11829	2
11853	3
11858	2
11861	3
11908	2
11912	2
11932	3
11944	3
11949	3
11956	1
11981	1
12038	1
12054	1
12098	2
12104	3
12136	2
12177	1
12183	1
12278	2
12287	2
12356	2
12357	3
12384	3
12413	3
12426	2
12450	1
12480	1
12613	1
12627	3
12640	1
12643	1
12645	1
12685	1
12737	1
12739	1
12744	1
12746	2
12762	3
12775	3
12792	2
12798	1
12810	3
12820	3
12821	3
12834	2
12964	1
12993	2
13038	3
13041	2
13050	2
13080	3
13183	1
13186	1
13192	1
13207	2
13214	2
13249	1
13294	3
13302	2
13308	3
13345	1
13373	3
13374	1
13412	3
13436	1
13438	2
13439	2
13493	3
13501	2
13536	2
13541	1
13542	3
13566	1
13598	2
13599	3
13600	1
13642	2
13653	3
13686	1
13781	1
13806	3
13859	3
13922	1
13944	3
13946	3
13951	3
13957	3
13985	2
13992	3
14030	1
14058	3
14106	2
14116	2
14123	2
14131	3
14150	1
14164	3
14204	2
14241	3
14255	3
14263	2
14267	1
14268	3
14269	1
14302	3
14315	1
14334	2
14391	3
14394	3
14405	1
14412	3
14432	1
14456	1
14472	1
14539	2
14600	2
14628	1
14655	3
14664	3
14676	2
14691	1
14699	2
14723	1
14780	2
14787	1
14797	1
14800	3
14818	1
14851	1
14855	3
14898	3
14905	1
14918	3
14922	3
14936	1
14958	1
14967	1
14975	2
14987	2
15055	2
15062	3
15066	1
15122	1
15124	2
15174	3
15194	1
15209	2
15243	3
15247	3
15254	2
15275	3
15291	1
15303	2
15305	2
15330	2
15333	3
15352	1
15380	1
15382	3
15394	3
15472	1
15489	1
15498	1
15505	1
15526	2
15548	3
15566	2
15594	3
15602	1
15612	2
15624	2
15641	3
15647	2
15648	2
15656	3
15687	1
15716	3
15728	1
15747	2
15748	1
15761	3
15773	2
15776	2
15784	2
15794	1
15811	3
15819	2
15847	3
15876	3
15916	2
15930	3
15974	2
15977	2
16014	3
16055	3
16072	2
16112	3
16117	1
16122	1
16149	1
16186	1
16216	2
16241	2
16261	3
16264	3
16294	1
16332	2
16336	2
16367	3
16373	2
16375	3
16391	2
16438	1
16469	2
16504	1
16511	3
16540	1
16550	2
16552	1
16579	1
16594	3
16682	2
16715	3
16724	3
16738	1
16744	3
16755	3
16840	2
16848	3
16865	1
16888	2
16911	2
16913	3
16917	1
16921	1
16943	3
16964	1
16970	2
17089	3
17103	3
17113	2
17122	3
17134	1
17142	2
17181	3
17238	1
17239	2
17240	1
17259	1
17280	1
17290	3
17298	1
17341	2
17367	2
17368	3
17388	1
17399	1
17406	3
17423	1
17469	1
17483	2
17485	3
17496	2
17506	1
17539	3
17570	1
17574	1
17582	2
17614	2
17617	3
17655	3
17681	1
17758	1
17795	1
17802	2
17822	1
17835	2
17843	3
17848	2
17857	3
17863	1
17912	1
17926	3
17973	2
17983	2
18000	2
18033	3
18068	1
18082	2
18119	3
18126	3
18129	3
18137	3
18160	1
18161	2
18177	2
18208	2
18231	3
18248	2
18264	2
18273	1
18293	1
18368	2
18418	1
18430	3
18431	1
18435	1
18460	3
18461	2
18468	3
18469	3
18477	3
18485	2
18509	3
18510	1
18514	3
18556	3
18612	3
18625	2
18635	2
18671	2
18695	2
18700	1
18712	3
18724	2
18735	3
18748	3
18768	3
18822	1
18831	1
18839	3
18847	3
18875	2
18966	2
18970	3
18975	1
18978	2
18982	2
19006	1
19012	2
19033	2
19038	2
19064	2
19069	3
19075	3
19076	3
19080	3
19081	2
19082	3
19087	2
19096	2
19098	1
19110	2
19119	1
19126	1
19201	1
19233	2
19242	2
19253	3
19265	1
19277	2
19303	3
19316	1
19338	2
19367	2
19371	3
19424	1
19483	3
19489	2
19536	2
19538	2
19603	1
19604	3
19620	2
19622	1
19634	1
19655	1
19692	1
19700	2
19728	1
19731	1
19749	1
19754	3
19793	2
19823	2
19833	2
19877	3
19891	3
19914	1
20005	3
20028	3
20043	1
20066	2
20072	1
20079	3
20086	1
20105	3
20130	2
20133	1
20155	1
20169	2
20194	1
20204	2
20214	2
20223	3
20235	1
20243	1
20293	2
20320	1
20326	3
20327	1
20355	2
20465	2
20479	1
20480	3
20498	3
20518	2
20546	3
20578	3
20580	3
20583	3
20585	2
20598	3
20600	2
20612	2
20671	2
20679	1
20759	1
20790	2
20805	1
20822	1
20824	1
20836	2
20865	3
20929	3
20944	1
20970	3
20986	1
20990	2
21013	3
21021	2
21031	2
21037	3
21042	3
21050	2
21082	3
21088	1
21108	1
21115	3
21124	1
21138	3
21152	2
21156	1
21220	3
21238	2
21247	2
21274	1
21305	3
21312	1
21321	2
21358	2
21374	1
21402	3
21438	2
21453	3
21501	2
21510	2
21523	2
21529	2
21530	1
21538	2
21606	1
21619	2
21622	2
21632	1
21678	3
21717	2
21738	2
21740	1
21775	1
21859	3
21871	2
21880	3
21888	2
21904	2
21910	3
21930	1
21951	3
22020	1
22029	1
22077	2
22118	2
22119	3
22122	1
22157	3
22177	1
22187	1
22192	2
22207	3
22241	1
22285	1
22297	1
22316	3
22384	2
22391	1
22393	1
22394	3
22399	2
22406	1
22418	2
22425	3
22442	3
22464	2
22499	3
22511	2
22557	1
22559	3
22564	1
22575	2
22585	3
22592	1
22615	2
22659	1
22663	3
22673	2
22696	3
22715	3
22780	1
22801	2
22844	1
22855	1
22856	1
22958	1
22963	1
22984	1
22986	3
22989	1
22990	3
23015	1
23020	3
23097	3
23122	2
23123	3
23161	3
23171	3
23190	3
23194	1
23197	1
23211	1
23231	2
23236	1
23239	3
23242	3
23248	3
23262	2
23292	3
23308	1
23317	2
23335	3
23363	3
23365	2
23371	1
23394	2
23395	2
23401	2
23405	2
23427	3
23432	1
23452	2
23473	1
23483	3
23502	2
23516	1
23517	3
23526	1
23535	1
23547	2
23549	3
23550	2
23591	2
23600	2
23634	1
23681	1
23744	3
23749	2
23762	1
23782	2
23838	3
23845	2
23851	1
23871	1
23885	1
23895	2
23903	2
23920	3
23940	3
23952	1
23977	2
23990	1
23999	3
24015	3
24018	3
24019	1
24030	2
24049	3
24083	1
24086	2
24099	1
24126	1
24172	3
24190	3
24223	2
24224	3
24229	3
24243	2
24244	2
24248	1
24331	2
24357	3
24394	2
24397	2
24414	1
24431	1
24447	2
24459	3
24468	3
24470	2
24486	2
24510	3
24519	2
24523	2
24552	2
24577	3
24607	2
24608	2
24611	3
24623	3
24653	3
24674	1
24692	3
24697	3
24712	2
24718	2
24725	1
24756	2
24774	2
24831	3
24837	1
24860	3
24869	2
24882	3
24901	2
24915	3
24926	1
24933	3
24950	1
24984	1
24988	3
24995	2
25029	1
25041	1
25054	2
25064	3
25078	1
25137	2
25147	2
25151	1
25227	3
25248	3
25255	2
25257	3
25284	3
25317	2
25318	2
25332	3
25368	1
25383	3
25405	3
25411	3
25415	2
25437	3
25474	3
25516	1
25551	3
25581	3
25612	3
25658	2
25659	1
25665	1
25672	1
25723	2
25746	3
25760	3
25776	1
25777	1
25822	1
25833	1
25865	1
25888	2
25889	1
25894	3
25954	2
25965	1
25986	1
26019	1
26102	3
26137	3
26141	2
26142	3
26161	3
26165	3
26215	2
26229	1
26239	2
26285	2
26306	2
26313	3
26324	3
26350	3
26380	3
26443	3
26445	2
26446	3
26469	2
26474	1
26485	2
26490	2
26491	1
26501	3
26521	1
26523	3
26556	3
26575	2
26583	3
26588	2
26633	2
26702	1
26716	2
26734	2
26804	1
26818	2
26828	3
26845	1
26848	3
26864	1
26912	3
26959	1
26979	1
26999	2
27037	1
27042	2
27049	1
27056	1
27060	3
27066	3
27069	2
27074	2
27105	2
27120	2
27121	2
27161	2
27166	2
27172	2
27175	2
27176	2
27183	2
27212	3
27237	1
27239	2
27280	2
27282	3
27290	2
27302	3
27312	2
27318	1
27338	3
27421	1
27469	2
27473	1
27506	1
27517	1
27551	1
27560	1
27574	2
27577	1
27613	3
27647	3
27659	1
27662	3
27665	2
27691	1
27700	3
27703	3
27708	3
27712	2
27727	3
27729	3
27760	1
27777	1
27807	2
27833	1
27834	2
27865	3
27874	3
27905	1
27927	1
27962	2
27981	1
27983	1
27993	2
28021	3
28026	2
28041	3
28042	2
28047	3
28105	1
28111	3
28137	3
28150	1
28155	2
28160	2
28165	2
28173	1
28211	3
28212	2
28223	1
28244	1
28245	2
28271	1
28289	1
28315	2
28318	3
28337	2
28345	3
28356	2
28414	2
28426	1
28440	3
28458	3
28477	1
28488	3
28490	1
28493	3
28502	3
28552	1
28564	2
28588	3
28617	2
28629	3
28660	3
28666	1
28670	1
28676	3
28712	1
28717	1
28726	1
28749	2
28752	2
28758	2
28765	3
28780	3
28783	2
28791	3
28808	1
28811	2
28813	1
28878	2
28882	2
28906	2
28916	2
28926	1
28944	1
28966	2
28968	2
29003	2
29026	1
29028	1
29043	3
29052	2
29086	2
29089	3
29090	1
29096	3
29123	1
29152	1
29153	1
29158	2
29179	3
29185	1
29198	3
29224	1
29276	3
29278	2
29306	1
29309	2
29323	2
29327	2
29328	3
29347	2
29353	3
29358	2
29377	1
29383	3
29389	3
29465	1
29483	2
29485	3
29504	3
29507	1
29513	3
29515	1
29529	3
29543	3
29588	1
29598	2
29601	1
29614	1
29621	2
29624	3
29661	2
29668	2
29672	1
29695	2
29697	2
29708	1
29712	3
29722	2
29741	2
29753	2
29769	3
29799	2
29823	3
29826	2
29827	3
29837	1
29843	1
29854	2
29887	3
29893	2
29894	1
29920	3
29981	3
30015	1
30038	3
30087	1
30129	3
30134	2
30142	3
30189	1
30222	2
30252	2
30260	3
30281	2
30282	1
30299	3
30300	2
30313	2
30322	2
30352	2
30362	3
30365	2
30388	2
30395	3
30420	3
30425	1
30428	3
30432	1
30453	2
30478	1
30493	1
30495	1
30501	3
30509	1
30518	2
30534	2
30607	2
30608	3
30610	3
30616	2
30642	1
30644	2
30667	3
30717	3
30725	3
30730	3
30740	1
30779	1
30785	2
30795	1
30798	1
30845	1
30860	1
30941	1
30944	2
30956	3
30992	1
31004	2
31011	1
31039	3
31043	3
31116	2
31133	1
31172	2
31183	1
31211	1
31235	2
31237	3
31252	3
31270	2
31300	3
31336	1
31418	3
31475	3
31491	1
31493	3
31502	3
31509	1
31517	2
31535	3
31611	3
31620	2
31662	1
31696	1
31711	3
31724	3
31729	3
31730	2
31760	3
31774	1
31798	1
31812	3
31831	2
31851	2
31854	3
31856	3
31866	1
31931	3
31951	2
31965	1
31982	2
31983	1
32039	3
32047	2
32098	2
32103	3
32114	1
32118	3
32120	3
32122	2
32135	1
32156	3
32163	1
32168	2
32170	1
32172	1
32177	1
32181	3
32185	3
32203	3
32205	1
32219	2
32245	3
32278	2
32285	3
32304	3
32308	3
32315	2
32319	2
32327	2
32332	1
32371	1
32380	2
32401	1
32408	2
32410	1
32426	2
32446	2
32463	2
32488	1
32489	1
32500	1
32582	3
32618	1
32624	2
32627	2
32670	2
32672	3
32683	1
32701	1
32712	3
32737	2
32746	3
32750	1
32757	3
32759	2
32762	2
32763	3
32779	2
32797	3
32805	2
